0 0
1 1000000000
2 100
3 200
4 500 ISL:EM
5 2000
6 5000
7 6000
8 8000
9 10000
10 14000
11 18000
12 20000
13 24000
14 30000
15 36000
16 40000
17 46000
18 70000
19 100000
20 110000
21 110000
22 140000
23 180000
24 200000
25 300000
26 400000
27 500000
28 650000
29 800000
30 1000000
31 1000001
32 1000002
33 1000003
34 1000004
35 1000005
36 1000006
37 1000007
38 1000008
39 1000009
40 1000010
41 1000011
42 1000012
43 1000013
44 1000014
45 1000015
46 1000016
47 1000017
48 1000018
49 1000019
50 1000020
51 1000021
52 1000022
53 1000023
54 1000024
55 1000025
56 1000026
57 1000027
58 1000028
59 1000029
60 1000030
61 1000031
62 1000032
63 1000033
64 1000034
65 1000035
66 1000036
67 1000037
68 1000038
69 1000039
70 1000040
71 1000041
72 1000042
73 1000043
74 1000044
75 1000045
76 1000046
77 1000047
78 1000048
79 1000049
80 1000050
81 1000061
82 1000062
83 1000063
84 1000064
85 1000065
86 1000066
87 1000067
88 1000068
89 1000069
90 1000070
91 1000071
92 1000072
93 1000073
94 1000074
95 1000075
96 1000076
97 1000077
98 1000078
99 1000079
100 1000080
